-0.746041 0.033157 -0.010254 -0.010456 -0.009300 0.002805 0.002538 0.001693 -0.004378 0.001722 -0.000098 0.000353 -0.001513 0.000740 0.002196 -0.000182 0.000590 0.001389 -0.000209 0.000916 
0.110416 -0.072692 0.099164 -0.089226 0.094611 -0.119502 0.025229 -0.005241 0.026120 -0.007602 -0.001533 0.000968 -0.006578 -0.004277 -0.006061 -0.003317 0.002473 0.000200 0.001827 -0.001104 
0.027626 0.003702 0.026032 -0.023041 -0.011239 0.017188 0.048963 -0.227299 -0.079532 0.015642 0.008090 -0.004102 0.007606 -0.001743 -0.002991 0.001303 -0.002168 0.002905 0.000551 -0.000457 
0.434671 -0.040447 0.055511 -0.019720 -0.000168 0.001810 -0.001322 -0.001961 0.002343 -0.001536 -0.003199 -0.000550 0.001090 -0.002008 0.000476 0.000724 0.000431 -0.000082 -0.001398 -0.001235 
-0.125125 -0.027623 0.145341 0.020102 -0.024361 0.005095 -0.000833 0.005961 0.001767 -0.007367 -0.002926 0.003917 -0.003702 -0.006670 -0.002356 -0.000856 0.001511 -0.000463 0.002036 0.001266 
-0.308576 0.332569 -0.203703 0.035669 -0.013963 -0.000437 0.003121 0.004898 0.003701 -0.000325 0.003357 -0.001112 0.000387 -0.000907 -0.001222 -0.000671 -0.000517 0.001398 -0.000620 -0.000486 
0.234511 0.603932 0.020584 0.006218 0.010990 -0.003439 0.002748 0.011131 -0.007653 0.002195 0.003225 0.001449 0.006534 0.000359 -0.003441 0.001360 -0.000262 0.002177 -0.001109 -0.000088 
-0.293356 -0.164855 0.012249 0.006406 0.010708 0.015094 -0.005065 0.002428 -0.003873 0.001710 -0.002144 0.000395 0.002887 -0.002150 0.000077 -0.000658 0.000687 -0.000279 -0.001087 -0.001010 
0.024842 -0.554606 -0.282203 0.008984 0.031495 0.018284 0.011973 0.011092 -0.011024 0.006889 0.005278 -0.002389 -0.000703 -0.006177 -0.000084 -0.000665 0.003313 0.000791 0.000258 -0.000049 
-0.108854 0.092809 0.197833 -0.288201 0.024971 -0.003204 0.020379 0.007840 -0.010180 -0.003577 0.004430 0.001271 -0.003167 -0.004140 0.001587 0.002852 0.000264 0.001482 0.000986 -0.000575 
-0.474948 0.013014 0.034981 -0.006940 0.005775 0.004942 0.004209 0.000549 -0.001129 0.001119 -0.005614 -0.000000 0.001587 0.001639 0.000091 -0.000363 -0.001134 -0.001291 0.001474 0.000332 
0.140379 0.186898 -0.488558 0.098567 0.019655 0.034729 -0.015094 0.012329 -0.011845 -0.007386 -0.001767 0.005092 0.000468 -0.002623 -0.000232 -0.004136 0.001561 -0.002170 -0.000083 -0.000908 
-0.009079 0.005560 0.026131 0.006164 -0.007631 -0.011141 -0.294810 -0.022313 -0.029985 -0.000821 -0.008596 -0.010140 -0.000567 0.000069 0.003243 -0.002608 0.003779 -0.000058 0.003150 0.002497 
-0.073280 -0.048205 -0.057201 -0.001716 -0.016483 0.056712 0.252145 0.037789 0.013725 0.012254 -0.007227 0.002048 0.004642 -0.005050 0.001299 -0.004313 -0.006542 0.000142 -0.001434 0.002189 
-0.278460 0.303547 0.176516 0.028447 -0.018517 -0.014069 -0.001994 0.006330 0.006574 0.002960 -0.005525 0.001872 -0.000525 0.003161 0.001620 0.001667 -0.002043 0.000424 0.002313 0.001599 
0.169638 -0.125348 0.161543 0.088999 -0.050224 0.043250 0.007946 0.008535 0.011834 -0.008052 0.008595 0.005460 -0.000228 0.005041 0.002043 0.002794 0.003904 0.001748 -0.001532 0.001660 
-0.086263 -0.045748 -0.054360 -0.118391 0.289591 -0.105388 -0.037259 0.016883 -0.000338 -0.007337 0.018499 0.000566 -0.000866 -0.000255 -0.001169 -0.003565 -0.000776 0.000550 -0.003516 0.000147 
-0.203852 -0.069536 0.479712 0.062177 -0.008172 -0.020925 0.008355 0.004230 0.014577 -0.012036 0.005445 0.002877 0.000036 -0.001358 -0.001227 0.000041 0.000719 0.001681 -0.001833 -0.001409 
0.081769 -0.089512 -0.141797 0.071726 -0.039321 0.028029 0.000456 -0.010401 0.010575 0.010664 -0.004753 0.004210 0.002702 -0.002853 -0.005298 0.000640 0.000915 0.000388 -0.001813 0.000126 
0.029930 0.002229 -0.011266 -0.008191 -0.008750 0.023421 0.019787 0.183906 -0.060902 -0.130228 -0.009884 0.026639 0.009254 0.016455 -0.002139 0.004643 0.007437 0.001846 -0.001710 0.001654 
0.133034 0.142457 0.304128 0.041762 0.008325 0.004354 0.012022 0.010566 -0.003071 0.003486 -0.000028 0.002607 0.002337 0.002066 0.000646 0.000672 0.001245 0.000154 -0.000830 -0.002557 
0.208221 0.154769 0.068484 -0.106159 0.052739 0.014229 0.006531 0.004877 -0.000618 -0.000721 -0.001881 -0.001911 -0.004839 0.006178 -0.000334 -0.000866 0.002409 -0.001004 -0.001260 -0.000297 
0.141278 -0.164245 -0.030106 0.132620 0.158633 -0.006179 -0.008806 -0.004110 -0.010064 -0.005225 0.001639 0.001257 0.008471 0.000667 -0.001341 0.000194 -0.002809 -0.001675 0.001337 -0.003328 
0.251294 -0.203047 -0.109626 -0.049308 -0.018539 -0.007591 0.006945 0.005546 0.001547 0.000051 0.006194 0.004419 -0.000856 0.000774 -0.001564 -0.001083 0.000708 0.000841 0.001110 0.000447 
-0.161992 -0.042702 -0.101280 -0.186915 -0.101506 -0.061025 -0.028932 -0.000020 -0.002875 0.003250 0.003440 -0.004027 -0.003843 0.000743 -0.003407 0.000748 0.003538 -0.000129 -0.001882 -0.001101 
0.018069 0.007133 0.049800 -0.074849 0.017751 0.327800 -0.033912 0.054939 0.059110 0.009971 0.024502 -0.009227 0.001011 0.005174 -0.001648 -0.004137 -0.003748 0.003680 0.004013 0.001134 
0.151612 -0.019985 0.014244 -0.020433 -0.005741 0.002680 -0.001405 -0.006391 0.001171 -0.003442 0.006738 -0.001008 0.000739 -0.001208 0.000557 0.001745 -0.001501 0.001917 0.001640 -0.000777 
0.106701 0.309050 -0.105916 -0.053147 0.001608 -0.017885 0.014918 -0.001351 0.019867 0.001859 0.005978 0.002222 0.000383 -0.000826 0.002467 -0.001118 -0.000489 -0.001539 0.000288 -0.000787 
-0.002736 0.174634 0.014335 0.041965 0.041875 0.010520 -0.016705 -0.018681 -0.002415 -0.008842 -0.001856 0.004530 -0.006508 0.001316 -0.001090 0.002873 0.001031 -0.001539 -0.000195 0.000654 
-0.037948 -0.254446 -0.010600 0.010841 -0.026949 -0.029121 -0.001152 0.004881 0.009464 0.000002 -0.006456 0.001506 0.002412 0.000406 -0.002029 0.000701 -0.000655 -0.000788 -0.001282 -0.000186 
-0.084925 0.085158 0.024425 -0.025490 -0.016178 -0.017035 -0.005414 0.007517 0.007123 0.005699 -0.004724 -0.003812 0.000728 -0.000799 -0.000983 -0.000957 0.001945 0.000130 -0.003649 -0.000914 
-0.262770 -0.158967 -0.260788 0.062810 -0.000955 -0.007917 -0.004991 0.006347 -0.003696 -0.000359 0.007098 -0.003060 -0.005615 -0.004029 0.000404 -0.001109 -0.004173 0.000365 0.001495 0.000929 
0.145534 -0.013259 -0.050677 0.480890 -0.029996 -0.006654 -0.002506 0.003053 0.002971 0.000086 -0.008675 -0.012260 0.000480 0.005087 0.002234 0.003752 -0.000543 0.001530 0.002781 -0.002065 
-0.404131 -0.459081 0.024120 0.000525 -0.014511 0.001828 -0.019891 -0.002851 -0.001157 0.005988 -0.002213 0.006620 0.002349 0.000960 -0.001108 0.001629 -0.000504 -0.001669 -0.000550 -0.002289 
-0.160355 0.093301 -0.143181 0.005483 0.029546 0.018096 0.022630 -0.005312 -0.006493 -0.004710 -0.000160 -0.005234 0.002204 -0.001676 -0.001918 0.001529 0.000627 0.001706 0.002036 -0.000822 
-0.085345 -0.004284 0.028850 0.265458 -0.016430 -0.121897 0.007813 0.020807 -0.013948 0.008601 0.018581 0.002945 -0.001772 -0.003421 -0.005787 0.002163 -0.001717 0.000335 0.000239 0.000222 
0.042305 -0.050334 -0.419895 -0.351587 0.010075 -0.007652 -0.014603 0.007228 -0.009978 0.008297 0.006877 0.009089 -0.000520 0.001739 0.000364 0.000556 0.003177 0.004798 0.002616 -0.000656 
-0.094427 -0.059243 -0.052444 0.022615 0.011208 -0.000958 -0.001298 -0.007248 0.016625 -0.000238 0.005864 0.003192 -0.001708 0.001998 0.004214 0.001711 -0.001363 -0.000647 0.001057 -0.001093 
0.081465 0.043992 -0.145937 -0.054802 -0.009957 -0.024520 -0.001339 0.005522 0.004896 0.003624 -0.009531 -0.003275 0.000480 0.002693 0.001271 0.000820 -0.001437 -0.000617 -0.001721 0.001421 
-0.068027 0.039858 0.151785 0.064780 0.231452 0.023734 0.025506 0.008151 0.003243 -0.005657 -0.007351 0.000157 -0.002751 -0.005047 0.000298 -0.000898 0.000174 -0.000412 -0.001298 0.003495 
0.082548 -0.386730 0.278397 -0.067359 0.002814 -0.017150 0.003847 0.003793 -0.003428 0.002700 -0.004815 -0.006860 -0.001586 -0.003706 0.002968 0.003739 -0.001404 -0.001651 0.000109 -0.001156 
0.406160 -0.471898 0.056441 0.028549 0.016759 0.011216 -0.001520 0.000471 -0.004462 0.000313 0.000899 -0.001232 -0.001587 0.002495 -0.002502 -0.002200 -0.002759 -0.001002 -0.000180 0.000068 
0.001029 -0.074276 0.054366 -0.045685 0.014271 0.021541 -0.013682 -0.004164 -0.009720 0.011286 -0.002608 -0.009960 0.000600 0.004894 0.005403 -0.001321 -0.001372 -0.000419 0.000056 0.000855 
0.686625 -0.052735 -0.011035 0.008699 0.009174 -0.000297 0.002922 0.005332 -0.000815 0.000903 0.000789 0.000264 0.001530 -0.000645 -0.000193 -0.000085 0.000143 -0.000201 0.001216 0.000364 
0.294897 0.128254 -0.073525 0.011024 0.012041 0.003769 -0.009194 0.002221 -0.001658 0.006865 -0.000124 0.001320 -0.001149 -0.001195 0.002316 -0.001961 -0.000082 0.000010 0.001477 0.000857 
0.606996 0.248859 -0.021096 0.001489 -0.016500 -0.021286 0.004588 -0.007153 0.002821 -0.004581 0.002097 0.001654 0.002637 -0.001038 -0.000490 0.000792 0.000769 0.000060 -0.002785 -0.000940 
0.155201 -0.017748 0.039065 -0.176666 -0.260199 -0.117644 -0.000179 0.019595 -0.011687 0.002902 0.003677 -0.003507 -0.003980 0.003195 -0.000108 -0.003055 -0.005429 -0.007407 0.000046 0.000361 
0.125001 0.075499 0.035011 0.090128 -0.048863 0.023620 -0.004220 0.008131 0.000859 0.012508 -0.013497 0.003296 -0.002139 -0.000047 0.001425 -0.002382 -0.000158 -0.002494 -0.000343 0.001692 
-0.262629 0.058527 0.009557 0.002938 0.007091 0.000293 0.002731 -0.002548 0.006305 0.001477 0.003718 -0.000674 -0.000455 -0.000630 -0.000365 -0.002307 0.001764 0.000523 0.000341 0.000002 
-0.033869 0.017060 0.023849 0.046375 -0.349631 0.111347 0.012213 -0.001929 -0.020926 -0.007295 0.009786 0.000180 0.006016 -0.002033 -0.000096 0.003294 -0.004697 -0.002332 0.001284 -0.000287 
