1000
93 72
71 33
94 77
92 61
55 5
18 37
77 56
31 80
84 98
23 48
27 4
61 82
29 8
29 65
14 44
31 98
88 98
13 66
93 60
49 64
54 31
95 27
79 68
72 7
47 26
96 87
83 56
81 25
48 79
97 83
91 96
9 91
20 27
52 77
54 2
58 63
5 77
91 47
90 1
52 67
74 66
14 51
84 39
68 46
68 61
61 38
17 60
27 50
53 26
67 97
92 39
29 27
74 22
32 85
77 30
12 14
4 5
43 38
6 40
7 86
28 73
35 70
40 25
17 66
78 40
65 42
14 23
88 43
71 5
31 36
52 42
6 84
36 18
11 79
93 33
50 23
33 38
31 23
26 32
64 18
1 74
51 31
43 17
76 52
4 87
55 48
87 83
1 48
13 42
5 95
77 82
4 12
72 58
26 88
64 44
46 14
40 33
42 70
67 25
54 92
80 93
45 42
40 72
80 72
37 65
98 38
57 94
45 97
20 4
53 16
47 86
95 97
10 9
48 96
4 54
34 91
2 93
100 88
18 84
30 91
74 63
32 3
51 51
37 97
35 67
76 95
31 27
93 47
19 97
16 12
77 29
40 33
66 76
71 43
4 41
26 82
18 58
17 19
72 87
1 26
76 66
26 67
65 41
100 11
97 8
17 83
88 92
56 59
17 40
38 71
91 53
97 20
81 96
46 99
15 15
40 53
26 54
89 87
58 16
54 7
9 88
17 46
19 10
63 34
61 64
87 29
62 62
14 91
1 57
41 62
87 85
33 74
70 43
89 77
2 33
90 97
71 66
32 24
49 17
44 15
98 17
96 82
3 82
14 90
93 19
63 50
38 93
88 34
19 18
4 6
42 71
83 20
94 50
69 1
79 74
48 73
3 3
6 13
7 3
75 71
54 61
28 28
66 20
85 21
35 43
60 85
49 41
53 35
48 30
85 68
65 85
43 5
84 64
95 28
100 10
51 83
13 99
65 2
59 47
37 85
86 48
22 30
44 58
80 37
6 66
40 64
62 71
98 52
54 66
75 23
3 86
36 63
96 16
83 75
59 24
47 52
19 15
72 29
56 5
37 25
39 100
51 58
100 3
10 88
66 64
41 64
27 65
66 61
37 3
54 45
51 69
98 93
62 9
65 47
53 27
20 29
54 31
86 68
76 17
25 69
77 48
16 39
98 89
67 9
22 13
78 71
68 81
72 70
70 32
51 37
32 11
95 98
77 32
69 4
87 59
42 48
26 83
99 51
83 43
72 87
46 57
84 61
73 28
82 61
32 6
90 11
13 85
63 30
21 66
56 55
43 96
13 43
68 91
64 57
18 39
10 48
24 96
65 35
54 72
46 65
81 59
29 12
74 31
70 5
84 18
29 86
31 10
20 54
81 93
91 1
71 65
68 8
20 28
78 69
39 72
81 89
57 25
23 19
45 17
22 49
61 34
87 34
68 23
62 58
14 88
17 59
45 11
36 63
33 99
95 46
10 30
15 95
61 11
61 56
11 85
22 11
82 34
61 69
45 26
62 72
69 60
57 11
49 58
20 3
91 43
79 32
14 64
7 18
96 13
85 2
92 18
42 24
32 95
22 27
84 3
43 83
28 96
60 65
70 85
14 84
78 1
25 31
74 58
6 98
49 46
80 51
98 86
61 53
41 39
93 84
75 7
67 12
99 98
4 99
27 3
100 66
16 36
79 3
25 47
19 61
48 55
10 40
7 75
26 5
39 85
59 63
82 13
52 33
65 23
17 15
29 68
25 20
27 37
34 92
12 30
81 79
21 99
37 42
17 18
96 95
52 19
63 72
6 25
39 17
10 22
88 66
31 46
94 13
8 66
42 82
78 31
74 47
76 81
25 66
66 53
3 98
5 39
90 87
36 32
75 67
17 65
44 76
71 67
15 80
81 19
59 48
94 66
5 29
81 8
5 87
27 21
23 6
69 96
64 42
21 10
73 52
30 50
21 36
52 20
30 27
85 44
27 18
91 29
77 57
84 59
71 86
17 25
47 46
100 98
77 81
13 49
16 43
53 57
32 23
49 11
64 33
70 26
29 9
63 66
55 69
72 40
89 40
20 42
29 91
75 89
30 91
67 14
27 91
67 35
93 91
84 2
74 66
50 46
37 34
48 60
56 86
79 73
22 64
45 43
86 84
50 26
22 52
94 10
45 65
30 64
69 80
47 32
85 61
79 84
65 21
50 74
71 44
57 51
63 64
8 40
28 56
40 89
85 53
53 9
20 62
85 17
53 40
43 37
16 61
43 38
100 25
75 7
100 58
18 32
49 81
50 55
68 55
63 33
61 1
58 10
71 79
49 14
88 4
76 74
52 72
42 1
36 15
83 61
36 94
58 51
95 5
86 50
42 75
6 22
21 50
48 35
7 36
10 92
32 62
49 93
61 32
55 43
90 44
49 71
11 6
17 62
70 15
74 16
85 62
27 88
43 28
69 95
77 38
73 69
27 31
52 96
81 99
73 83
12 55
23 60
13 27
7 25
6 86
13 69
69 73
85 10
59 20
21 71
34 51
34 83
87 10
4 25
19 61
36 11
77 86
66 71
85 94
79 17
11 88
2 92
100 24
43 46
40 40
66 8
62 24
74 10
88 20
98 59
68 82
70 30
27 84
27 24
11 46
56 83
41 5
15 83
57 46
12 83
28 38
84 92
4 10
11 53
73 43
56 100
9 22
2 41
18 90
27 48
17 10
41 50
6 28
3 57
82 43
50 4
97 80
54 36
76 2
13 44
47 7
57 35
38 37
90 50
54 19
89 81
56 28
20 65
2 96
28 44
84 85
74 5
56 16
21 48
4 10
78 99
29 18
42 28
32 80
23 36
1 86
98 37
11 100
3 100
57 11
36 86
10 33
51 9
96 49
58 11
67 80
44 1
94 29
84 66
87 45
91 43
55 52
77 19
5 81
72 81
35 81
56 65
66 3
58 77
72 43
34 42
90 92
6 21
58 23
51 62
48 28
88 46
7 2
58 21
36 55
21 5
98 23
58 91
31 98
58 28
57 64
52 12
4 39
33 66
46 18
22 26
82 55
37 32
48 98
97 39
15 62
16 23
39 76
65 16
91 24
87 29
11 40
26 81
3 17
63 14
61 66
21 54
51 13
43 44
45 45
69 15
67 33
37 86
46 83
89 84
99 28
84 71
24 80
26 90
27 6
68 88
64 35
6 20
42 93
89 56
63 3
41 40
66 67
2 68
68 56
51 20
68 51
100 70
74 1
58 76
30 17
88 4
39 49
4 11
22 36
14 44
50 39
87 97
72 47
89 60
41 89
9 90
67 74
14 48
89 82
48 73
63 42
42 67
98 57
28 66
61 4
36 10
99 55
32 28
23 46
43 15
20 64
88 29
84 96
40 84
100 29
83 60
29 87
27 29
56 99
20 4
21 30
37 30
33 16
52 27
72 66
79 85
50 58
69 58
29 72
64 31
74 45
91 33
73 37
58 23
6 82
61 1
32 92
20 8
83 31
24 89
70 56
73 46
6 10
90 25
73 41
55 99
9 6
76 5
79 7
74 93
91 97
47 62
13 9
32 78
99 65
95 82
49 76
80 83
49 79
77 14
81 55
7 89
43 68
22 26
99 87
32 74
67 23
38 69
65 85
77 27
41 3
56 44
60 57
79 9
100 93
65 42
15 9
41 27
77 20
18 61
11 27
89 48
76 3
52 35
19 80
91 69
85 42
77 23
14 8
10 62
83 62
49 10
7 7
81 12
24 25
33 100
73 30
38 90
66 31
51 30
66 35
33 42
54 88
71 62
60 54
78 90
84 58
30 9
11 46
19 100
42 45
80 44
84 63
24 35
71 44
4 28
89 52
6 81
88 100
49 44
51 70
56 90
63 58
94 95
84 86
25 2
30 72
99 73
29 4
58 24
47 52
16 23
8 92
85 91
72 55
67 82
73 91
6 78
100 22
88 43
39 28
97 86
1 18
44 36
33 17
11 48
63 97
76 82
28 32
11 9
48 44
8 85
96 36
58 70
21 21
41 8
63 63
83 100
91 57
44 63
14 4
44 4
39 17
71 17
3 55
54 6
50 72
12 87
2 87
64 89
24 54
26 88
26 39
57 82
4 60
82 25
73 68
20 82
54 87
81 45
10 13
37 34
9 24
33 14
66 57
59 24
48 40
55 50
26 89
91 11
7 41
88 13
43 10
35 88
39 80
14 94
93 69
87 3
25 91
52 43
62 21
35 48
90 5
45 4
84 18
33 66
20 27
78 92
64 71
76 77
57 85
81 9
23 76
58 30
97 22
89 60
18 23
58 48
77 46
46 92
47 100
66 93
12 32
9 71
19 62
13 19
67 2
59 90
52 40
31 11
53 29
28 81
65 58
51 24
21 18
94 14
76 87
13 41
65 11
1 7
73 30
54 27
44 36
82 52
99 63
58 32
26 96
63 24
63 37
66 100
52 52
52 9
68 46
73 8
62 89
74 57
15 74
93 86
68 86
53 82
14 42
