100 200 50
0 55
1 87
2 74
3 19
4 37
5 69
6 25
7 35
8 84
9 33
10 64
11 85
12 73
13 38
14 93
15 16
16 70
17 66
18 51
19 57
20 54
21 56
22 93
23 36
24 73
25 79
26 30
27 87
28 35
29 38
30 38
31 87
32 59
33 85
34 90
35 72
36 77
37 49
38 69
39 62
40 83
41 75
42 50
43 94
44 74
45 71
46 92
47 53
48 95
49 66
50 91
51 70
52 76
53 97
54 73
55 61
56 68
57 60
58 74
59 88
60 87
61 71
62 66
63 94
64 66
65 84
66 75
67 80
68 84
69 93
70 99
71 77
72 95
73 91
74 91
75 77
76 80
77 86
78 90
79 80
80 92
81 91
82 99
83 93
84 97
85 96
86 90
87 99
88 98
89 96
90 93
91 99
92 99
93 96
94 95
95 97
96 98
97 98
98 99
39 28
36 64
75 98
23 96
85 99
13 51
62 75
45 84
3 55
84 19
19 20
65 51
89 49
21 14
51 30
83 75
54 58
61 57
95 81
64 89
68 95
69 28
1 68
61 68
89 44
32 38
37 93
75 73
6 97
54 80
1 90
81 98
56 47
45 95
23 70
80 37
93 41
84 73
61 20
15 83
90 37
82 36
90 18
59 35
81 85
54 57
7 41
5 54
54 86
0 96
93 75
68 33
5 50
78 0
8 87
11 53
46 26
49 41
97 52
64 58
74 49
18 7
17 91
22 40
95 76
3 83
9 88
95 35
83 91
6 96
2 36
62 70
83 61
57 63
97 60
21 28
38 41
37 12
76 78
74 28
30 1
20 56
46 66
34 35
26 33
33 18
29 33
66 69
11 70
47 75
58 79
5 67
86 23
31 87
98 28
28 15
17 28
91 76
85 50
97 16
53 37
49 90 53 22 91 24 58 32 71 72 89 96 47 33 76 94 63 3 75 14 82 45 48 9 43 0 50 60 52 87 38 13 59 44 70 25 27 61 99 29 4 10 57 40 73 67 16 64 37 54 
