300 500 100
0 144
1 235
2 119
3 115
4 41
5 156
6 32
7 18
8 34
9 184
10 284
11 228
12 204
13 117
14 249
15 30
16 148
17 181
18 90
19 243
20 297
21 267
22 204
23 59
24 249
25 243
26 226
27 175
28 256
29 178
30 104
31 191
32 96
33 51
34 235
35 174
36 75
37 86
38 60
39 277
40 55
41 107
42 134
43 132
44 146
45 77
46 161
47 126
48 296
49 172
50 195
51 202
52 179
53 59
54 288
55 271
56 169
57 218
58 177
59 189
60 264
61 146
62 83
63 96
64 154
65 94
66 218
67 156
68 232
69 272
70 280
71 183
72 198
73 200
74 168
75 179
76 298
77 208
78 99
79 94
80 232
81 93
82 94
83 202
84 246
85 139
86 145
87 131
88 221
89 205
90 268
91 96
92 123
93 184
94 240
95 281
96 231
97 272
98 162
99 188
100 116
101 173
102 288
103 204
104 136
105 292
106 203
107 294
108 128
109 225
110 118
111 284
112 196
113 212
114 227
115 167
116 282
117 261
118 280
119 177
120 136
121 167
122 286
123 185
124 268
125 164
126 282
127 295
128 249
129 215
130 145
131 273
132 169
133 294
134 232
135 153
136 184
137 190
138 222
139 260
140 205
141 202
142 278
143 197
144 234
145 241
146 171
147 276
148 245
149 183
150 202
151 166
152 208
153 257
154 204
155 160
156 216
157 233
158 262
159 273
160 267
161 214
162 221
163 267
164 270
165 230
166 186
167 279
168 171
169 215
170 246
171 235
172 213
173 280
174 253
175 222
176 227
177 250
178 221
179 186
180 204
181 281
182 198
183 210
184 206
185 187
186 252
187 198
188 290
189 219
190 294
191 235
192 274
193 234
194 272
195 205
196 273
197 291
198 228
199 275
200 296
201 269
202 254
203 262
204 288
205 285
206 263
207 255
208 293
209 272
210 250
211 226
212 218
213 243
214 263
215 277
216 229
217 226
218 276
219 248
220 297
221 236
222 224
223 287
224 275
225 282
226 280
227 286
228 231
229 256
230 277
231 236
232 251
233 247
234 282
235 273
236 239
237 246
238 248
239 267
240 282
241 263
242 293
243 292
244 295
245 297
246 278
247 275
248 297
249 252
250 272
251 278
252 254
253 276
254 295
255 295
256 267
257 284
258 263
259 285
260 271
261 296
262 284
263 293
264 273
265 296
266 274
267 294
268 282
269 278
270 292
271 272
272 281
273 281
274 276
275 288
276 284
277 283
278 296
279 294
280 299
281 293
282 285
283 291
284 294
285 289
286 297
287 295
288 289
289 292
290 295
291 294
292 295
293 295
294 295
295 299
296 299
297 299
298 299
260 255
158 3
218 214
286 69
142 203
48 34
114 57
286 36
262 210
97 31
70 163
221 13
206 9
264 268
261 43
127 198
248 235
299 56
182 199
292 288
59 153
56 126
128 261
280 174
157 156
141 92
158 160
198 48
86 40
232 2
226 276
272 230
201 266
98 279
88 131
198 140
140 32
143 237
155 237
268 244
250 175
32 92
159 257
76 165
125 219
101 34
295 258
249 217
121 287
79 203
189 236
38 88
219 104
291 159
289 53
76 219
250 255
157 58
275 240
81 220
185 107
3 238
279 145
297 262
121 153
264 81
290 268
229 46
241 132
271 131
11 14
24 263
39 174
160 158
228 128
17 293
250 37
50 223
116 223
33 264
220 38
47 111
47 124
160 218
3 15
257 65
121 49
250 223
228 28
214 268
23 73
102 48
180 266
156 248
207 47
15 83
37 6
225 115
246 59
79 131
161 18
244 219
95 70
40 121
18 192
161 171
70 156
297 170
95 219
220 266
164 299
27 257
215 155
150 145
109 187
75 141
152 128
283 181
229 271
266 82
190 192
247 284
79 25
129 262
127 87
247 48
88 209
263 192
214 32
170 246
99 126
78 64
109 102
221 33
230 241
157 238
7 84
64 118
276 89
213 168
31 247
181 91
258 142
296 112
179 246
268 85
261 179
88 163
21 66
196 23
236 37
100 199
101 65
180 23
173 183
68 141
130 27
92 292
206 2
133 255
241 257
66 10
10 259
63 140
151 113
125 84
106 35
105 19
74 273
212 28
45 188
65 78
253 257
143 62
71 93
279 159
170 177
236 192
185 196
116 123
173 54
6 159
242 172
40 153
205 199
219 70
9 247
10 45
210 30
26 16
230 64
257 256
23 118
297 160
140 267
165 294
63 219
8 117
209 46
173 264
98 250
288 155 152 207 243 70 206 7 138 104 250 51 267 108 237 67 241 86 253 257 1 142 221 85 127 260 261 163 14 16 29 281 45 218 164 223 83 130 200 56 118 266 34 272 77 97 110 76 119 18 285 197 40 169 101 46 105 27 256 102 107 286 195 297 78 177 57 73 88 81 15 292 94 122 199 80 146 103 74 84 39 98 289 3 24 196 62 72 139 274 63 296 6 126 227 23 191 20 215 12 
